err_1 =0
err_2 =0
err_3 =-0.00446113
err_4 =-0.0013962218
err_5 =-0.001132646
err_6 =-0.11346127
w_13 =-3.0446113
w_14 =1.986037782
w_15 =3.98867354
w_23 =1.9107774
w_24 =-3.027924436
w_25 =0.47734708
w_36 =-0.62951534497
w_46 =0.67969043267
w_56 =0.37298920509
